            5.0 3.72488635491e-07
           10.0 1.1825769941e-06
           15.0 2.32442089533e-06
           20.0 3.75444680261e-06
           25.0 5.44581165932e-06
           30.0 7.37957487302e-06
           35.0 9.54133872145e-06
           40.0 1.19196238201e-05
           45.0 1.4504967039e-05
           50.0 1.72893722389e-05
           55.0 2.0265952882e-05
           60.0 2.34286874901e-05
           65.0 2.67722455663e-05
           70.0 3.02918596508e-05
           75.0 3.39832287705e-05
           80.0 3.7842443944e-05
           85.0 4.1865929608e-05
           90.0 4.6050396803e-05
           95.0 5.03928052239e-05
          100.0 5.48903320664e-05
          105.0 5.95403461696e-05
          110.0 6.43403863386e-05
          115.0 6.92881430095e-05
          120.0 7.43814426171e-05
          125.0 7.96182341673e-05
          130.0 8.49965776281e-05
          135.0 9.05146338297e-05
          140.0 9.61706556299e-05
          145.0 0.000101962980145
          150.0 0.000107890021883
          155.0 0.000113950266657
          160.0 0.000120142266146
          165.0 0.000126464633048
          170.0 0.000132916036711
          175.0 0.000139495199208
          180.0 0.000146200891784
          185.0 0.000153031931638
          190.0 0.000159987178996
          195.0 0.000167065534447
          200.0 0.000174265936502
          205.0 0.000181587359367
          210.0 0.000189028810888
          215.0 0.000196589330671
          220.0 0.000204267988345
          225.0 0.000212063881952
          230.0 0.000219976136466
          235.0 0.000228003902417
          240.0 0.000236146354611
          245.0 0.00024440269094
          250.0 0.00025277213128
          255.0 0.000261253916449
          260.0 0.000269847307254
          265.0 0.000278551583576
          270.0 0.000287366043533
          275.0 0.000296290002686
          280.0 0.000305322793288
          285.0 0.000314463763593
          290.0 0.000323712277189
          295.0 0.000333067712385
          300.0 0.000342529461619
          305.0 0.000352096930907
          310.0 0.000361769539324
          315.0 0.000371546718505
          320.0 0.000381427912181
          325.0 0.000391412575734
          330.0 0.000401500175775
          335.0 0.000411690189749
          340.0 0.000421982105552
          345.0 0.000432375421171
          350.0 0.000442869644344
          355.0 0.000453464292229
          360.0 0.000464158891097
          365.0 0.000474952976033
          370.0 0.000485846090654
          375.0 0.000496837786835
          380.0 0.000507927624459
          382.5 0.000513509210901
          385.0 0.00051911517116
          387.5 0.000524745452364
          390.0 0.000530400002097
          392.5 0.00053607876839
          395.0 0.000541781699718
          397.5 0.000547508744993
          400.0 0.000553259853553
          402.5 0.000559034975162
          405.0   0.00056483406
          407.5 0.000570657058657
          410.0 0.000576503922129
          412.5 0.000582374601811
          415.0 0.000588269049492
          417.5 0.000594187217347
          420.0 0.000600129057937
          422.5 0.000606094524198
          425.0 0.000612083569438
          427.5 0.000618096147332
          430.0 0.000624132211918
          432.5 0.00063019171759
          435.0 0.000636274619095
          437.5 0.000642380871526
          440.0 0.000648510430321
          442.5 0.000654663251254
          445.0 0.000660839290433
          447.5 0.000667038504298
          450.0 0.000673260849612
          452.5 0.000679506283458
          455.0 0.000685774763237
          457.5 0.000692066246663
          460.0 0.000698380691758
          462.5 0.00070471805685
          465.0 0.000711078300565
          467.5 0.000717461381828
          470.0 0.000723867259859
          472.5 0.000730295894165
          475.0 0.00073674724454
          477.5 0.000743221271061
          480.0 0.000749717934084
          482.5 0.000756237194242
          485.0 0.000762779012438
          487.5 0.000769343349845
          490.0 0.000775930167904
          492.5 0.000782539428317
          495.0 0.000789171093044
          497.5 0.000795825124306
          500.0 0.000802501484573
          502.5 0.000809200136568
          505.0 0.000815921043262
          507.5 0.000822664167869
          510.0 0.000829429473847
          512.5 0.000836216924892
          515.0 0.000843026484938
          517.5 0.000849858118149
          520.0 0.000856711788925
          522.5 0.000863587461893
          525.0 0.000870485101903
          527.5 0.000877404674033
          530.0 0.00088434614358
          532.5 0.000891309476059
          535.0 0.000898294637201
          537.5 0.000905301592954
          540.0 0.000912330309473
          542.5 0.000919380753126
          545.0 0.000926452890485
          547.5 0.00093354668833
          550.0 0.00094066211364
          552.5 0.000947799133597
          555.0 0.000954957715581
          557.5 0.000962137827167
          560.0 0.000969339436125
          562.5 0.000976562510417
          565.0 0.000983807018195
          567.5 0.000991072927799
          570.0 0.000998360207757
          572.5 0.00100566882678
          575.0 0.00101299875376
          577.5 0.00102034995777
          580.0 0.00102772240806
          582.5 0.00103511607407
          585.0 0.00104253092539
          587.5 0.00104996693181
          590.0 0.00105742406328
          592.5 0.00106490228992
          595.0  0.001072401582
          597.5   0.00107992191
          600.0 0.00108746324453
          602.5 0.00109502555638
          605.0 0.00110260881648
          607.5 0.00111021299594
          610.0 0.00111783806604
          612.5 0.00112548399818
          615.0 0.00113315076396
          617.5 0.00114083833509
          620.0 0.00114854668347
          622.5 0.00115627578113
          625.0 0.00116402560025
          627.5 0.00117179611318
          630.0 0.00117958729239
          632.5 0.0011873991105
          635.0 0.0011952315403
          637.5 0.00120308455469
          640.0 0.00121095812674
          642.5 0.00121885222964
          645.0 0.00122676683672
          647.5 0.00123470192146
          650.0 0.00124265745748
          652.5 0.00125063341851
          655.0 0.00125862977844
          657.5 0.00126664651129
          660.0 0.00127468359119
          662.5 0.00128274099244
          665.0 0.00129081868942
          667.5 0.00129891665668
          670.0 0.00130703486888
          672.5 0.00131517330081
          675.0 0.00132333192738
          677.5 0.00133151072362
          680.0 0.00133970966471
          682.5 0.00134792872591
          685.0 0.00135616788264
          687.5 0.00136442711042
          690.0 0.00137270638489
          692.5 0.0013810056818
          695.0 0.00138932497704
          697.5 0.0013976642466
          700.0 0.00140602346658
          702.5 0.00141440261321
          705.0 0.00142280166281
          707.5 0.00143122059185
          710.0 0.00143965937686
          712.5 0.00144811799453
          715.0 0.00145659642162
          717.5 0.00146509463503
          720.0 0.00147361261174
          722.5 0.00148215032885
          725.0 0.00149070776357
          727.5 0.00149928489321
          730.0 0.00150788169519
          732.5 0.00151649814701
          735.0 0.00152513422631
          737.5 0.00153378991079
          740.0 0.00154246517829
          742.5 0.00155116000672
          745.0 0.00155987437411
          747.5 0.00156860825858
          750.0 0.00157736163834
          752.5 0.00158613449171
          755.0 0.0015949267971
          757.5 0.00160373853301
          760.0 0.00161256967805
          762.5 0.00162142021091
          765.0 0.00163029011037
          767.5 0.00163917935533
          770.0 0.00164808792474
          772.5 0.00165701579768
          775.0 0.0016659629533
          777.5 0.00167492937084
          780.0 0.00168391502963
          782.5 0.0016929199091
          785.0 0.00170194398875
          787.5 0.00171098724818
          790.0 0.00172004966708
          792.5 0.0017291312252
          795.0 0.00173823190241
          797.5 0.00174735167864
          800.0 0.00175649053391
          802.5 0.00176564844833
          805.0 0.00177482540209
          807.5 0.00178402137546
          810.0 0.00179323634878
          812.5 0.00180247030249
          815.0 0.00181172321711
          817.5 0.00182099507323
          820.0 0.00183028585151
          822.5 0.00183959553271
          825.0 0.00184892409766
          827.5 0.00185827152727
          830.0 0.00186763780251
          832.5 0.00187702290444
          835.0 0.00188642681421
          837.5 0.00189584951302
          840.0 0.00190529098216
          842.5 0.00191475120299
          845.0 0.00192423015695
          847.5 0.00193372782553
          850.0 0.00194324419032
          852.5 0.00195277923297
          855.0 0.00196233293521
          857.5 0.00197190527884
          860.0 0.00198149624571
          862.5 0.00199110581776
          865.0 0.00200073397701
          867.5 0.00201038070553
          870.0 0.00202004598545
          872.5 0.00202972979901
          875.0 0.00203943212846
          877.5 0.00204915295618
          880.0 0.00205889226457
          882.5 0.00206865003611
          885.0 0.00207842625336
          887.5 0.00208822089892
          890.0 0.00209803395549
          892.5 0.0021078654058
          895.0 0.00211771523266
          897.5 0.00212758341894
          900.0 0.0021374699476
          902.5 0.00214737480161
          905.0 0.00215729796406
          907.5 0.00216723941806
          910.0 0.0021771991468
          912.5 0.00218717713353
          915.0 0.00219717336156
          917.5 0.00220718781427
          920.0 0.00221722047508
          922.5 0.00222727132749
          925.0 0.00223734035506
          927.5 0.00224742754138
          930.0 0.00225753287013
          932.5 0.00226765632504
          935.0 0.0022777978899
          937.5 0.00228795754856
          940.0 0.0022981352849
          942.5 0.0023083310829
          945.0 0.00231854492657
          947.5 0.00232877679998
          950.0 0.00233902668726
          952.5 0.0023492945726
          955.0 0.00235958044023
          957.5 0.00236988427445
          960.0 0.00238020605961
          962.5 0.00239054578012
          965.0 0.00240090342043
          967.5 0.00241127896505
          970.0 0.00242167239854
          972.5 0.00243208370553
          975.0 0.00244251287068
          977.5 0.00245295987866
          980.0 0.00246342471416
          982.5 0.00247390736165
          985.0 0.00248440780507
          987.5 0.00249492602673
          990.0 0.0025054620048
          992.5 0.00251601570722
          995.0 0.00252658707823
          997.5 0.00253717600957
         1000.0 0.00254778228229
         1002.5 0.00255840545498
         1005.0 0.00256904466068
         1007.5 0.00257969825761
         1010.0 0.00259036326301
         1012.5 0.00260103449116
         1015.0 0.00261170332692
         1017.5 0.0026223561093
         1020.0 0.00263297218315
         1022.5 0.0026435218028
         1025.0 0.00265396421868
         1027.5 0.00266424644659
         1030.0 0.00267430315153
         1032.5 0.0026840581134
         1035.0 0.00269342782931
         1037.5 0.00270232625875
         1040.0 0.00271067094958
         1042.5 0.0027183902087
         1045.0 0.00272542765464
         1047.5 0.00273174825293
         1050.0 0.00273733712685
         1052.5 0.00274220454669
         1055.0 0.00274637674547
         1057.5 0.00274990110922
         1060.0 0.00275283290304
         1062.5 0.00275523303202
         1065.0 0.00275717386706
         1067.5 0.00275872219963
         1070.0 0.00275994062277
         1072.5 0.00276088580814
         1075.0 0.00276160346792
         1077.5 0.00276214390783
         1080.0 0.00276254598022
         1082.5 0.00276284114579
         1085.0 0.00276305471467
         1087.5 0.00276320698299
         1090.0 0.0027633139529
         1092.5 0.00276338798051
         1095.0 0.0027634384295
         1097.5 0.00276347227978
         1100.0 0.00276349464966
         1102.5 0.00276350922171
         1105.0 0.00276351858979
         1107.5 0.00276352454452
         1110.0 0.00276352830163
         1112.5 0.0027635306743
         1115.0 0.00276353219717
         1117.5 0.00276353321402
         1120.0 0.00276353393977
         1122.5 0.0027635345042
         1125.0 0.00276353498207
         1127.5 0.00276353541329
         1130.0 0.00276353581619
         1132.5 0.00276353619601
         1135.0 0.00276353655043
         1137.5 0.0027635368732
         1140.0 0.00276353715665
         1142.5 0.00276353739345
         1145.0 0.0027635375779
         1147.5 0.00276353770676
         1150.0 0.00276353777976
         1152.5 0.00276353779965
         1155.0 0.00276353777198
         1157.5 0.00276353770443
         1160.0 0.00276353760592
         1162.5 0.00276353748554
         1165.0 0.00276353735131
         1167.5 0.00276353720918
         1170.0 0.00276353706209
         1172.5 0.00276353690944
         1175.0 0.00276353674695
         1177.5 0.00276353656681
         1180.0 0.00276353635835
         1182.5 0.00276353610883
         1185.0 0.00276353580443
         1187.5 0.00276353543117
         1190.0 0.00276353497581
         1192.5 0.00276353442645
         1195.0 0.00276353377294
         1197.5 0.00276353300708
         1200.0 0.00276353212258
         1202.5 0.00276353111506
         1205.0 0.00276352998187
         1207.5 0.00276352872214
         1210.0 0.00276352733683
         1212.5 0.00276352582893
         1215.0 0.00276352420385
         1217.5 0.00276352246979
         1220.0 0.00276352063822
         1222.5 0.00276351872434
         1225.0 0.00276351674737
         1227.5 0.00276351473073
         1230.0 0.00276351270192
         1232.5 0.00276351069216
         1235.0 0.00276350873562
         1237.5 0.00276350686839
         1240.0 0.0027635051271
         1242.5 0.00276350354745
         1245.0 0.00276350216256
         1247.5 0.00276350100154
         1250.0 0.00276350008818
         1252.5 0.00276349944014
         1255.0 0.0027634990685
         1257.5 0.00276349897783
         1260.0 0.00276349916664
         1262.5 0.0027634996282
         1265.0 0.00276350035145
         1267.5 0.00276350132195
         1270.0 0.00276350252269
         1272.5 0.00276350393471
         1275.0 0.00276350553737
         1277.5 0.00276350730848
         1280.0 0.00276350922421
         1282.5 0.00276351125898
         1285.0 0.00276351338537
         1287.5 0.00276351557438
         1290.0 0.00276351779576
         1292.5 0.00276352001886
         1295.0 0.00276352221368
         1297.5 0.00276352435217
         1300.0 0.00276352640967
         1302.5 0.0027635283663
         1305.0 0.00276353020814
         1307.5 0.00276353192808
         1310.0 0.00276353352621
         1312.5 0.00276353500972
         1315.0 0.00276353639217
         1317.5 0.00276353769247
         1320.0 0.00276353893344
         1322.5 0.00276354014018
         1325.0 0.00276354133845
         1327.5 0.00276354255316
         1330.0 0.00276354380712
         1332.5 0.00276354512001
         1335.0 0.00276354650776
         1337.5 0.00276354798216
         1340.0 0.00276354955073
         1342.5 0.00276355121674
         1345.0 0.00276355297943
         1347.5 0.00276355483422
         1350.0 0.00276355677311
         1352.5 0.00276355878504
         1355.0 0.00276356085644
         1357.5 0.00276356297189
         1360.0 0.0027635651148
         1362.5 0.00276356726827
         1365.0 0.00276356941577
         1367.5 0.00276357154181
         1370.0 0.00276357363234
         1372.5 0.00276357567483
         1375.0 0.0027635776582
         1377.5 0.00276357957243
         1380.0 0.00276358140821
         1382.5 0.00276358315665
         1385.0 0.0027635848093
         1387.5 0.00276358635843
         1390.0 0.00276358779776
         1392.5 0.00276358912336
         1395.0 0.00276359033473
         1397.5 0.00276359143562
         1400.0 0.00276359243461
         1402.5 0.0027635933451
         1405.0 0.00276359418471
         1407.5 0.00276359497409
         1410.0 0.0027635957352
         1412.5 0.00276359648932
         1415.0 0.00276359725501
         1417.5 0.00276359804629
         1420.0 0.00276359887126
         1422.5 0.00276359973134
         1425.0 0.00276360062132
         1427.5 0.00276360153005
         1430.0 0.0027636024418
         1432.5 0.00276360333811
         1435.0 0.00276360419978
         1437.5 0.0027636050088
         1440.0 0.00276360575003
         1442.5 0.00276360641239
         1445.0 0.00276360698944
         1447.5 0.00276360747948
         1450.0 0.00276360788504
         1452.5 0.00276360821211
         1455.0 0.00276360846914
         1457.5 0.00276360866593
         1460.0 0.00276360881273
         1462.5 0.00276360891941
         1465.0 0.00276360899494
         1467.5 0.00276360904702
         1470.0  0.002763609082
         1472.5 0.00276360910489
         1475.0 0.00276360911948
         1477.5 0.00276360912853
         1480.0 0.00276360913399
         1482.5 0.00276360913721
         1485.0 0.00276360913905
         1487.5 0.00276360914008
         1490.0 0.00276360914064
         1492.5 0.00276360914093
         1495.0 0.00276360914108
         1497.5 0.00276360914116
         1500.0 0.0027636091412
         1502.5 0.00276360914121
         1505.0 0.00276360914122
         1507.5 0.00276360914123
         1510.0 0.00276360914123
         1512.5 0.00276360914123
         1515.0 0.00276360914123
         1517.5 0.00276360914123
         1520.0 0.00276360914123
         1522.5 0.00276360914123
         1525.0 0.00276360914123
         1527.5 0.00276360914123
         1530.0 0.00276360914123
         1532.5 0.00276360914123
         1535.0 0.00276360914123
         1537.5 0.00276360914123
         1540.0 0.00276360914123
         1542.5 0.00276360914123
         1545.0 0.00276360914123
         1547.5 0.00276360914123
         1550.0 0.00276360914123
         1552.5 0.00276360914123
         1555.0 0.00276360914123
         1557.5 0.00276360914123
         1560.0 0.00276360914123
         1562.5 0.00276360914123
         1565.0 0.00276360914123
         1567.5 0.00276360914123
         1570.0 0.00276360914123
         1572.5 0.00276360914123
         1575.0 0.00276360914123
         1577.5 0.00276360914123
         1580.0 0.00276360914123
         1582.5 0.00276360914123
         1585.0 0.00276360914123
         1587.5 0.00276360914123
         1590.0 0.00276360914123
         1592.5 0.00276360914123
         1595.0 0.00276360914123
         1597.5 0.00276360914123
         1600.0 0.00276360914123
         1602.5 0.00276360914123
         1605.0 0.00276360914123
         1607.5 0.00276360914123
         1610.0 0.00276360914123
         1612.5 0.00276360914123
         1615.0 0.00276360914123
         1617.5 0.00276360914123
         1620.0 0.00276360914123
         1622.5 0.00276360914123
         1625.0 0.00276360914123
         1627.5 0.00276360914123
         1630.0 0.00276360914123
         1632.5 0.00276360914123
         1635.0 0.00276360914123
         1637.5 0.00276360914123
         1640.0 0.00276360914123
         1642.5 0.00276360914123
         1645.0 0.00276360914123
         1647.5 0.00276360914123
         1650.0 0.00276360914123
         1652.5 0.00276360914123
         1655.0 0.00276360914123
         1657.5 0.00276360914123
         1660.0 0.00276360914123
         1662.5 0.00276360914123
         1665.0 0.00276360914123
         1667.5 0.00276360914123
         1670.0 0.00276360914123
         1672.5 0.00276360914123
         1675.0 0.00276360914123
         1677.5 0.00276360914123
         1680.0 0.00276360914123
         1682.5 0.00276360914123
         1685.0 0.00276360914123
         1687.5 0.00276360914123
         1690.0 0.00276360914123
         1692.5 0.00276360914123
         1695.0 0.00276360914123
         1697.5 0.00276360914123
         1700.0 0.00276360914123
         1702.5 0.00276360914123
         1705.0 0.00276360914123
         1707.5 0.00276360914123
         1710.0 0.00276360914123
         1712.5 0.00276360914123
         1715.0 0.00276360914123
         1717.5 0.00276360914123
         1720.0 0.00276360914123
         1722.5 0.00276360914123
         1725.0 0.00276360914123
         1727.5 0.00276360914123
         1730.0 0.00276360914123
         1732.5 0.00276360914123
         1735.0 0.00276360914123
         1737.5 0.00276360914123
         1740.0 0.00276360914123
         1742.5 0.00276360914123
         1745.0 0.00276360914123
         1747.5 0.00276360914123
         1750.0 0.00276360914123
         1752.5 0.00276360914123
         1755.0 0.00276360914123
         1757.5 0.00276360914123
         1760.0 0.00276360914123
         1762.5 0.00276360914123
         1765.0 0.00276360914123
         1767.5 0.00276360914123
         1770.0 0.00276360914123
         1772.5 0.00276360914123
         1775.0 0.00276360914123
         1777.5 0.00276360914123
         1780.0 0.00276360914123
         1782.5 0.00276360914123
         1785.0 0.00276360914123
         1787.5 0.00276360914123
         1790.0 0.00276360914123
         1792.5 0.00276360914123
         1795.0 0.00276360914123
         1797.5 0.00276360914123
         1800.0 0.00276360914123
         1802.5 0.00275265786697
         1805.0 0.00274321354601
         1807.5 0.00273193856636
         1810.0 0.0027212031607
         1812.5 0.00271036443692
         1815.0 0.00269959833118
         1817.5 0.00268885616617
         1820.0 0.00267815146725
         1822.5 0.00266748037001
         1825.0 0.00265684391728
         1827.5 0.00264624175357
         1830.0 0.00263567392519
         1832.5 0.00262514036145
         1835.0 0.00261464102561
         1837.5 0.00260417587057
         1840.0 0.00259374485197
         1842.5 0.00258334792426
         1845.0 0.00257298504194
         1847.5 0.00256265615915
         1850.0 0.00255236122979
         1852.5 0.00254210020749
         1855.0 0.00253187304564
         1857.5  0.002521679697
         1860.0 0.00251152011153
         1862.5 0.00250139423004
         1865.0 0.0024913019754
         1867.5 0.00248124324976
         1870.0 0.00247121794663
         1872.5 0.00246122597497
         1875.0 0.00245126727947
         1877.5 0.00244134184225
         1880.0 0.00243144966652
         1882.5 0.00242159075534
         1885.0 0.00241176509803
         1887.5 0.00240197266755
         1890.0 0.00239221342457
         1892.5 0.00238248732282
         1895.0 0.00237279431285
         1897.5 0.00236313434394
         1900.0 0.00235350736481
         1902.5 0.0023439133239
         1905.0 0.00233435216936
         1907.5 0.00232482384909
         1910.0 0.00231532831076
         1912.5 0.00230586550176
         1915.0 0.00229643536926
         1917.5 0.00228703786017
         1920.0 0.00227767292113
         1922.5 0.00226834049857
         1925.0 0.00225904053866
         1927.5 0.00224977298731
         1930.0 0.00224053779021
         1932.5 0.00223133489278
         1935.0 0.00222216424022
         1937.5 0.00221302577747
         1940.0 0.00220391944924
         1942.5 0.00219484519999
         1945.0 0.00218580297395
         1947.5 0.00217679271511
         1950.0 0.00216781436721
         1952.5 0.00215886787377
         1955.0 0.00214995317806
         1957.5 0.00214107022311
         1960.0 0.00213221895174
         1962.5 0.00212339930652
         1965.0 0.00211461122978
         1967.5 0.00210585466363
         1970.0 0.00209712954995
         1972.5 0.00208843583039
         1975.0 0.00207977344637
         1977.5 0.00207114233909
         1980.0 0.00206254244949
         1982.5 0.00205397371834
         1985.0 0.00204543608615
         1987.5 0.00203692949321
         1990.0 0.00202845387959
         1992.5 0.00202000918515
         1995.0 0.00201159534952
         1997.5 0.00200321231212
         2000.0 0.00199486001215
         2002.5 0.00198653838859
         2005.0 0.0019782473802
         2007.5 0.00196998692555
         2010.0 0.00196175696296
         2012.5 0.00195355743054
         2015.0 0.00194538826615
         2017.5 0.00193724940738
         2020.0 0.00192914079143
         2022.5 0.00192106235506
         2025.0 0.00191301403434
         2027.5 0.00190499576442
         2030.0 0.00189700747917
         2032.5 0.00188904911085
         2035.0 0.0018811205898
         2037.5 0.00187322184422
         2040.0 0.00186535280027
         2042.5 0.00185751338253
         2045.0 0.00184970351483
         2047.5 0.00184192312134
         2050.0 0.00183417212796
         2052.5 0.00182645046353
         2055.0 0.00181875806077
         2057.5 0.00181109485669
         2060.0 0.00180346079234
         2062.5 0.00179585581202
         2065.0 0.00178827986208
         2067.5 0.00178073288957
         2070.0 0.00177321484093
         2072.5 0.00176572566109
         2075.0 0.00175826529282
         2077.5 0.00175083367663
         2080.0 0.00174343075078
         2082.5 0.00173605645169
         2085.0 0.00172871071427
         2087.5 0.00172139347232
         2090.0 0.00171410465887
         2092.5 0.00170684420639
         2095.0 0.00169961204699
         2097.5 0.00169240811249
         2100.0 0.00168523233451
         2102.5 0.00167808464447
         2105.0 0.00167096497366
         2107.5 0.00166387325319
         2110.0 0.00165680941402
         2112.5 0.00164977338697
         2115.0 0.00164276510271
         2117.5 0.00163578449178
         2120.0 0.00162883148457
         2122.5 0.00162190601133
         2125.0 0.00161500800217
         2127.5 0.00160813738706
         2130.0 0.00160129409586
         2132.5 0.00159447805828
         2135.0 0.00158768920391
         2137.5 0.00158092746218
         2140.0 0.00157419276245
         2142.5 0.00156748503391
         2145.0 0.00156080420565
         2147.5 0.00155415020663
         2150.0 0.00154752296569
         2152.5 0.00154092241157
         2155.0 0.00153434847287
         2157.5 0.00152780107807
         2160.0 0.00152128015556
         2162.5 0.00151478563356
         2165.0 0.00150831744017
         2167.5 0.00150187550333
         2170.0 0.00149545975077
         2172.5 0.00148907011002
         2175.0 0.00148270650827
         2177.5 0.00147636887237
         2180.0 0.00147005712871
         2182.5 0.00146377120309
         2185.0 0.00145751102066
         2187.5 0.00145127650581
         2190.0 0.00144506758209
         2192.5 0.00143888417223
         2195.0 0.00143272619821
         2197.5 0.00142659358141
         2200.0 0.00142048624288
         2202.5 0.00141440410372
         2205.0 0.00140834708545
         2207.5 0.00140231511056
         2210.0 0.00139630810283
         2212.5 0.00139032598775
         2215.0 0.00138436869267
         2217.5 0.00137843614686
         2220.0 0.00137252828128
         2222.5 0.00136664502833
         2225.0 0.00136078632131
         2227.5 0.00135495209393
         2230.0 0.00134914227983
         2232.5 0.00134335681207
         2235.0 0.00133759562285
         2237.5 0.00133185864332
         2240.0 0.0013261458035
         2242.5 0.00132045703234
         2245.0 0.00131479225784
         2247.5 0.00130915140726
         2250.0 0.00130353440724
         2252.5  0.001297941184
         2255.0 0.00129237166347
         2257.5 0.00128682577138
         2260.0 0.00128130343333
         2262.5 0.00127580457484
         2265.0 0.00127032912138
         2267.5 0.00126487699839
         2270.0 0.00125944813127
         2272.5 0.00125404244541
         2275.0 0.00124865986615
         2277.5 0.00124330031882
         2280.0 0.00123796372868
         2282.5 0.00123265002098
         2285.0 0.00122735912084
         2287.5 0.0012220909533
         2290.0 0.00121684544325
         2292.5 0.00121162251538
         2295.0 0.0012064220941
         2297.5 0.00120124410349
         2300.0 0.0011960884672
         2302.5 0.0011909551084
         2305.0 0.00118584394972
         2307.5 0.0011807549132
         2310.0 0.00117568792034
         2312.5 0.00117064289221
         2315.0 0.00116561974957
         2317.5 0.00116061841321
         2320.0 0.00115563880419
         2322.5 0.0011506808443
         2325.0 0.00114574445641
         2327.5 0.00114082956481
         2330.0 0.00113593609553
         2332.5 0.00113106397637
         2335.0 0.00112621313685
         2337.5 0.00112138350801
         2340.0 0.00111657502193
         2342.5 0.00111178761126
         2345.0 0.00110702120869
         2347.5 0.00110227574645
         2350.0 0.00109755115594
         2352.5 0.00109284736753
         2355.0 0.00108816431048
         2357.5 0.00108350191303
         2360.0 0.00107886010256
         2362.5 0.00107423880576
         2365.0 0.00106963794885
         2367.5 0.00106505745771
         2370.0 0.00106049725795
         2372.5 0.00105595727492
         2375.0 0.00105143743372
         2377.5 0.00104693765906
         2380.0 0.00104245787522
         2382.5 0.00103799800589
         2385.0 0.00103355797411
         2387.5 0.00102913770218
         2390.0 0.00102473711168
         2392.5 0.00102035612363
         2395.0 0.00101599465875
         2397.5 0.00101165263792
         2400.0 0.00100732998276
         2402.5 0.00100302661633
         2405.0 0.000998742463752
         2407.5 0.000994477452682
         2410.0 0.000990231513424
         2412.5 0.000986004578582
         2415.0 0.000981796582224
         2417.5 0.000977607458659
         2420.0 0.000973437141054
         2422.5 0.000969285560167
         2425.0 0.000965152643453
         2427.5 0.000961038314615
         2430.0 0.000956942493516
         2432.5 0.000952865096211
         2435.0 0.000948806034907
         2437.5 0.000944765217826
         2440.0 0.000940742549283
         2442.5 0.000936737930768
         2445.0 0.000932751264666
         2447.5 0.00092878246462
         2450.0 0.000924831483044
         2452.5 0.000920898383655
         2455.0 0.000916983531243
         2457.5 0.000913088078453
         2460.0 0.00090921517741
         2462.5 0.000905372872845
         2465.0 0.000901580680007
         2467.5 0.00089788320372
         2470.0 0.000894375360435
         2472.5 0.000891217248957
         2475.0 0.00088623115456
         2477.5 0.000881646981768
         2480.0 0.000879140603706
         2482.5 0.000875185691419
         2485.0 0.000871442870936
         2487.5 0.00086773624206
         2490.0 0.00086405212479
         2492.5 0.000860388720451
         2495.0 0.000856744326536
         2497.5 0.000853117984667
         2500.0 0.000849509153222
         2502.5 0.000845917478961
         2505.0 0.000842342713773
         2507.5 0.000838784674962
         2510.0 0.000835243220841
         2512.5 0.000831718235134
         2515.0 0.000828209616788
         2517.5 0.000824717273229
         2520.0 0.000821241116083
         2522.5 0.000817781058842
         2525.0 0.000814337016028
         2527.5 0.000810908903365
         2530.0 0.000807496638455
         2532.5 0.000804100141505
         2535.0 0.000800719335824
         2537.5 0.000797354147952
         2540.0 0.000794004507436
         2542.5 0.000790670346354
         2545.0 0.000787351598708
         2547.5 0.000784048199802
         2550.0 0.00078076008569
         2552.5 0.000777487192727
         2555.0 0.000774229457226
         2557.5 0.000770986815224
         2560.0 0.000767759202334
         2562.5 0.000764546553657
         2565.0 0.000761348803755
         2567.5 0.000758165886681
         2570.0 0.000754997736053
         2572.5 0.00075184428518
         2575.0 0.000748705467224
         2577.5 0.000745581215394
         2580.0 0.000742471463142
